j = sqrt(-1);
Ybus = sparse(14);
Ybus(    1,    1) =      6.0250+ j*(  -19.4471);
Ybus(    1,    2) =     -4.9991+ j*(   15.2631);
Ybus(    1,    5) =     -1.0259+ j*(    4.2350);
Ybus(    2,    1) =     -4.9991+ j*(   15.2631);
Ybus(    2,    2) =      9.5213+ j*(  -30.2721);
Ybus(    2,    3) =     -1.1350+ j*(    4.7819);
Ybus(    2,    4) =     -1.6860+ j*(    5.1158);
Ybus(    2,    5) =     -1.7011+ j*(    5.1939);
Ybus(    3,    2) =     -1.1350+ j*(    4.7819);
Ybus(    3,    3) =      3.1210+ j*(   -9.8224);
Ybus(    3,    4) =     -1.9860+ j*(    5.0688);
Ybus(    4,    2) =     -1.6860+ j*(    5.1158);
Ybus(    4,    3) =     -1.9860+ j*(    5.0688);
Ybus(    4,    4) =     10.5157+ j*(  -38.6542);
Ybus(    4,    5) =     -6.8410+ j*(   21.5786);
Ybus(    4,    7) =     -0.0023+ j*(    4.8895);
Ybus(    4,    9) =     -0.0003+ j*(    1.8555);
Ybus(    5,    1) =     -1.0259+ j*(    4.2350);
Ybus(    5,    2) =     -1.7011+ j*(    5.1939);
Ybus(    5,    4) =     -6.8410+ j*(   21.5786);
Ybus(    5,    5) =      9.5698+ j*(  -35.5336);
Ybus(    5,    6) =     -0.0017+ j*(    4.2574);
Ybus(    6,    5) =     -0.0017+ j*(    4.2574);
Ybus(    6,    6) =      6.5815+ j*(  -17.3407);
Ybus(    6,   11) =     -1.9550+ j*(    4.0941);
Ybus(    6,   12) =     -1.5260+ j*(    3.1760);
Ybus(    6,   13) =     -3.0989+ j*(    6.1028);
Ybus(    7,    4) =     -0.0023+ j*(    4.8895);
Ybus(    7,    7) =      0.0138+ j*(  -19.5490);
Ybus(    7,    8) =     -0.0032+ j*(    5.6770);
Ybus(    7,    9) =     -0.0083+ j*(    9.0901);
Ybus(    8,    7) =     -0.0032+ j*(    5.6770);
Ybus(    8,    8) =      0.0032+ j*(   -5.6770);
Ybus(    9,    4) =     -0.0003+ j*(    1.8555);
Ybus(    9,    7) =     -0.0083+ j*(    9.0901);
Ybus(    9,    9) =      5.3346+ j*(  -24.0925);
Ybus(    9,   10) =     -3.9020+ j*(   10.3654);
Ybus(    9,   14) =     -1.4240+ j*(    3.0291);
Ybus(   10,    9) =     -3.9020+ j*(   10.3654);
Ybus(   10,   10) =      5.7829+ j*(  -14.7683);
Ybus(   10,   11) =     -1.8809+ j*(    4.4029);
Ybus(   11,    6) =     -1.9550+ j*(    4.0941);
Ybus(   11,   10) =     -1.8809+ j*(    4.4029);
Ybus(   11,   11) =      3.8359+ j*(   -8.4970);
Ybus(   12,    6) =     -1.5260+ j*(    3.1760);
Ybus(   12,   12) =      4.0150+ j*(   -5.4279);
Ybus(   12,   13) =     -2.4890+ j*(    2.2520);
Ybus(   13,    6) =     -3.0989+ j*(    6.1028);
Ybus(   13,   12) =     -2.4890+ j*(    2.2520);
Ybus(   13,   13) =      6.7249+ j*(  -10.6697);
Ybus(   13,   14) =     -1.1370+ j*(    2.3150);
Ybus(   14,    9) =     -1.4240+ j*(    3.0291);
Ybus(   14,   13) =     -1.1370+ j*(    2.3150);
Ybus(   14,   14) =      2.5610+ j*(   -5.3440);
V(    1) =  1.060000 + j*( 0.000000);
V(    2) =  1.041051 + j*(-0.090762);
V(    3) =  0.985193 + j*(-0.222476);
V(    4) =  1.001238 + j*(-0.182192);
V(    5) =  1.007592 + j*(-0.155517);
V(    6) =  1.037210 + j*(-0.262861);
V(    7) =  1.032790 + j*(-0.245287);
V(    8) =  1.060497 + j*(-0.251885);
V(    9) =  1.020225 + j*(-0.272199);
V(   10) =  1.014694 + j*(-0.273738);
V(   11) =  1.021877 + j*(-0.269816);
V(   12) =  1.018871 + j*(-0.274450);
V(   13) =  1.013843 + j*(-0.274628);
V(   14) =  0.995235 + j*(-0.286015);
